layout_spectrum: 0.5340425
typography_spectrum: 0.4106383
color:
  lightness: 0.4255319
  brandStrength: 0.04680851
  saturation: 0.7680851
  rhythmicContrast: 0.4212766
